#q values 1/A: 1.81000  1.91000  2.01000 
5.499999970197677612e-02 1.017186760902404785e+00 6.240682210773229599e-03 1.029043793678283691e+00 5.738842301070690155e-03 1.028321743011474609e+00 5.983708892017602921e-03
1.099999994039535522e-01 1.024439096450805664e+00 6.071351468563079834e-03 1.022617936134338379e+00 5.564028862863779068e-03 1.010062575340270996e+00 5.757963750511407852e-03
1.650000065565109253e-01 1.015558242797851562e+00 5.983751267194747925e-03 1.025396704673767090e+00 5.612994544208049774e-03 1.017603993415832520e+00 5.983792711049318314e-03
2.199999988079071045e-01 1.023325562477111816e+00 5.931681953370571136e-03 1.027181506156921387e+00 5.800296086817979813e-03 1.018738031387329102e+00 6.017817184329032898e-03
2.750000059604644775e-01 1.026245713233947754e+00 5.726234056055545807e-03 1.018975734710693359e+00 5.629077553749084473e-03 1.019384145736694336e+00 6.129899062216281891e-03
3.300000131130218506e-01 1.017225146293640137e+00 5.995382089167833328e-03 1.023520827293395996e+00 5.787056870758533478e-03 1.014794588088989258e+00 6.116956938058137894e-03
3.849999904632568359e-01 1.017029166221618652e+00 6.069086957722902298e-03 1.012005090713500977e+00 5.841859150677919388e-03 1.014546751976013184e+00 5.685280542820692062e-03
4.399999976158142090e-01 1.035111308097839355e+00 6.030063610523939133e-03 1.015070676803588867e+00 6.099193822592496872e-03 1.027241230010986328e+00 6.113339681178331375e-03
4.950000047683715820e-01 1.026756405830383301e+00 6.032750476151704788e-03 1.020154118537902832e+00 5.779256578534841537e-03 1.022133111953735352e+00 5.759988445788621902e-03
5.500000119209289551e-01 1.015481829643249512e+00 5.907641258090734482e-03 1.029802918434143066e+00 5.722255446016788483e-03 1.023089528083801270e+00 6.032345350831747055e-03
6.050000190734863281e-01 1.031949162483215332e+00 6.024564616382122040e-03 1.032271742820739746e+00 5.921992938965559006e-03 1.016960144042968750e+00 6.074817851185798645e-03
6.600000262260437012e-01 1.019291043281555176e+00 5.963631439954042435e-03 1.025828599929809570e+00 5.987433250993490219e-03 1.031412124633789062e+00 5.864459555596113205e-03
7.149999737739562988e-01 1.021144866943359375e+00 6.347463000565767288e-03 1.020299434661865234e+00 5.538684781640768051e-03 1.016340613365173340e+00 5.942384712398052216e-03
7.699999809265136719e-01 1.021925210952758789e+00 6.184821017086505890e-03 1.012409210205078125e+00 5.729876924306154251e-03 1.021533846855163574e+00 5.882529541850090027e-03
8.249999880790710449e-01 1.015079021453857422e+00 5.903447978198528290e-03 1.028982043266296387e+00 5.658306181430816650e-03 1.015370368957519531e+00 6.008353549987077713e-03
8.799999952316284180e-01 1.025840163230895996e+00 6.096245255321264267e-03 1.031917691230773926e+00 5.902607459574937820e-03 1.025680065155029297e+00 5.977927241474390030e-03
9.900000095367431641e-01 1.024358749389648438e+00 4.334501922130584717e-03 1.024592399597167969e+00 4.020992200821638107e-03 1.021599173545837402e+00 4.105526488274335861e-03
1.100000023841857910e+00 1.026200413703918457e+00 4.381001461297273636e-03 1.016737461090087891e+00 4.113079514354467392e-03 1.029854655265808105e+00 4.373427480459213257e-03
1.210000038146972656e+00 1.029806137084960938e+00 4.380355589091777802e-03 1.024670243263244629e+00 4.008896648883819580e-03 1.015345096588134766e+00 4.193376284092664719e-03
1.320000052452087402e+00 1.019565820693969727e+00 4.470785614103078842e-03 1.029624581336975098e+00 4.178761038929224014e-03 1.020123720169067383e+00 4.164935089647769928e-03
1.429999947547912598e+00 1.023546218872070312e+00 4.307588096708059311e-03 1.020651221275329590e+00 4.035225138068199158e-03 1.020346522331237793e+00 4.173178225755691528e-03
1.539999961853027344e+00 1.020495295524597168e+00 4.381769336760044098e-03 1.012793302536010742e+00 3.974847495555877686e-03 1.028874039649963379e+00 4.330728668719530106e-03
1.649999976158142090e+00 1.018896102905273438e+00 4.407755099236965179e-03 1.017512559890747070e+00 4.120957106351852417e-03 1.023760914802551270e+00 4.330111201852560043e-03
1.759999990463256836e+00 1.028587102890014648e+00 3.641691757366061211e-03 1.021373748779296875e+00 3.395859850570559502e-03 1.027706503868103027e+00 3.295100294053554535e-03
1.980000019073486328e+00 1.025634169578552246e+00 2.949912333860993385e-03 1.020045042037963867e+00 2.900185296311974525e-03 1.018154025077819824e+00 3.066871780902147293e-03
2.200000047683715820e+00 1.025815248489379883e+00 3.183862660080194473e-03 1.024580121040344238e+00 3.142964094877243042e-03 1.020510196685791016e+00 3.057691734284162521e-03
2.420000076293945312e+00 1.026628851890563965e+00 3.030922729521989822e-03 1.020418763160705566e+00 2.814150415360927582e-03 1.022884011268615723e+00 3.016039263457059860e-03
2.640000104904174805e+00 1.027649760246276855e+00 3.067862009629607201e-03 1.020555019378662109e+00 2.944260835647583008e-03 1.021109461784362793e+00 3.058804664760828018e-03
2.859999895095825195e+00 1.021437168121337891e+00 3.138510044664144516e-03 1.024307012557983398e+00 2.779457950964570045e-03 1.018159985542297363e+00 3.104805713519454002e-03
3.079999923706054688e+00 1.020218372344970703e+00 3.060386981815099716e-03 1.022258639335632324e+00 2.854105550795793533e-03 1.021023988723754883e+00 2.961470279842615128e-03
3.299999952316284180e+00 1.027865171432495117e+00 3.122615162283182144e-03 1.025068640708923340e+00 2.852537436410784721e-03 1.023514986038208008e+00 2.979103941470384598e-03
3.519999980926513672e+00 1.023084759712219238e+00 2.503668423742055893e-03 1.022117018699645996e+00 2.418463584035634995e-03 1.016397833824157715e+00 2.440274693071842194e-03
3.960000038146972656e+00 1.021331787109375000e+00 2.062590792775154114e-03 1.021567821502685547e+00 2.071666531264781952e-03 1.018536567687988281e+00 2.110340865328907967e-03
4.400000095367431641e+00 1.021510362625122070e+00 2.297847531735897064e-03 1.021211862564086914e+00 2.370192436501383781e-03 1.019238591194152832e+00 2.194829750806093216e-03
4.840000152587890625e+00 1.022311449050903320e+00 2.150211948901414871e-03 1.021526217460632324e+00 2.032017335295677185e-03 1.020777106285095215e+00 2.092137699946761131e-03
5.280000209808349609e+00 1.026439428329467773e+00 2.174073131754994392e-03 1.020244002342224121e+00 1.987862866371870041e-03 1.017959117889404297e+00 2.018348313868045807e-03
5.719999790191650391e+00 1.023872375488281250e+00 2.079834928736090660e-03 1.020969033241271973e+00 2.056043362244963646e-03 1.016071677207946777e+00 2.175437286496162415e-03
6.159999847412109375e+00 1.022102117538452148e+00 2.129195956513285637e-03 1.023604750633239746e+00 2.062674611806869507e-03 1.018027782440185547e+00 1.982041168957948685e-03
6.599999904632568359e+00 1.023512601852416992e+00 2.140590921044349670e-03 1.020914912223815918e+00 2.104924060404300690e-03 1.017755746841430664e+00 2.062113955616950989e-03
7.039999961853027344e+00 1.023151278495788574e+00 1.756859361194074154e-03 1.019932508468627930e+00 1.735824509523808956e-03 1.021293282508850098e+00 1.704790978692471981e-03
7.920000076293945312e+00 1.021677136421203613e+00 1.552127068862318993e-03 1.020562291145324707e+00 1.392217352986335754e-03 1.019593358039855957e+00 1.507996115833520889e-03
8.800000190734863281e+00 1.023741722106933594e+00 1.539300661534070969e-03 1.020546555519104004e+00 1.469409791752696037e-03 1.017999053001403809e+00 1.536835101433098316e-03
9.680000305175781250e+00 1.024109840393066406e+00 1.487907255068421364e-03 1.018548965454101562e+00 1.429113908670842648e-03 1.020985603332519531e+00 1.495883683674037457e-03
1.056000041961669922e+01 1.022755742073059082e+00 1.582723692990839481e-03 1.024644255638122559e+00 1.461790874600410461e-03 1.020873188972473145e+00 1.497828168794512749e-03
1.143999958038330078e+01 1.024621605873107910e+00 1.509859692305326462e-03 1.019912958145141602e+00 1.442977809347212315e-03 1.018537163734436035e+00 1.475192490033805370e-03
1.231999969482421875e+01 1.023363590240478516e+00 1.531347399577498436e-03 1.021555900573730469e+00 1.427427981980144978e-03 1.019455313682556152e+00 1.476103905588388443e-03
1.319999980926513672e+01 1.024458169937133789e+00 1.600497867912054062e-03 1.023340106010437012e+00 1.503135194070637226e-03 1.016331076622009277e+00 1.483376487158238888e-03
1.407999992370605469e+01 1.024929523468017578e+00 1.261907746084034443e-03 1.020709395408630371e+00 1.174617675133049488e-03 1.020063042640686035e+00 1.206047367304563522e-03
1.584000015258789062e+01 1.023908257484436035e+00 1.058825291693210602e-03 1.020324826240539551e+00 1.095001818612217903e-03 1.020649790763854980e+00 1.074449974112212658e-03
1.760000038146972656e+01 1.024010300636291504e+00 1.068057958036661148e-03 1.020379185676574707e+00 1.032682484947144985e-03 1.020427584648132324e+00 1.076231477782130241e-03
1.936000061035156250e+01 1.024012684822082520e+00 1.116323051974177361e-03 1.019682645797729492e+00 1.024311524815857410e-03 1.022077560424804688e+00 1.066458760760724545e-03
2.112000083923339844e+01 1.024107217788696289e+00 1.086500356905162334e-03 1.020685553550720215e+00 1.062697730958461761e-03 1.020762205123901367e+00 1.077301916666328907e-03
2.287999916076660156e+01 1.022780299186706543e+00 1.065418240614235401e-03 1.021617889404296875e+00 1.027844380587339401e-03 1.021776914596557617e+00 1.047102268785238266e-03
2.463999938964843750e+01 1.022319912910461426e+00 1.203292631544172764e-03 1.020103931427001953e+00 1.013860222883522511e-03 1.022032022476196289e+00 1.113800797611474991e-03
2.639999961853027344e+01 1.023140907287597656e+00 1.127311843447387218e-03 1.020599007606506348e+00 1.028169994242489338e-03 1.020042777061462402e+00 1.065202057361602783e-03
2.815999984741210938e+01 1.021749377250671387e+00 9.225164540112018585e-04 1.021100997924804688e+00 8.229342638514935970e-04 1.019104242324829102e+00 8.656941354274749756e-04
3.168000030517578125e+01 1.023759365081787109e+00 8.064300636760890484e-04 1.020485281944274902e+00 7.661069976165890694e-04 1.020212173461914062e+00 7.506549009121954441e-04
3.520000076293945312e+01 1.023715019226074219e+00 7.767946226522326469e-04 1.022689223289489746e+00 7.240829290822148323e-04 1.020315766334533691e+00 7.934827008284628391e-04
3.872000122070312500e+01 1.023758172988891602e+00 7.845829823054373264e-04 1.020547151565551758e+00 7.751815137453377247e-04 1.020068168640136719e+00 8.194334222935140133e-04
4.224000167846679688e+01 1.023689627647399902e+00 7.894790614955127239e-04 1.020735502243041992e+00 7.292194641195237637e-04 1.020567536354064941e+00 7.762947352603077888e-04
4.575999832153320312e+01 1.022146940231323242e+00 7.772731478326022625e-04 1.019055843353271484e+00 7.317221025004982948e-04 1.020100235939025879e+00 7.605276769027113914e-04
4.927999877929687500e+01 1.024517178535461426e+00 8.000471862033009529e-04 1.021502375602722168e+00 7.188058807514607906e-04 1.022160530090332031e+00 7.703869487158954144e-04
5.279999923706054688e+01 1.023370385169982910e+00 8.096644305624067783e-04 1.020541667938232422e+00 7.294401293620467186e-04 1.020154356956481934e+00 7.511260919272899628e-04
5.631999969482421875e+01 1.023868918418884277e+00 6.237519555725157261e-04 1.020952343940734863e+00 6.858472479507327080e-04 1.019747972488403320e+00 7.367803482338786125e-04
6.336000061035156250e+01 1.022700548171997070e+00 5.540517740882933140e-04 1.020550727844238281e+00 4.974067560397088528e-04 1.019695758819580078e+00 5.458800587803125381e-04
7.040000152587890625e+01 1.023316264152526855e+00 5.571393994614481926e-04 1.020734906196594238e+00 5.201230524107813835e-04 1.018962979316711426e+00 5.678640445694327354e-04
7.744000244140625000e+01 1.023131966590881348e+00 5.651059909723699093e-04 1.020631670951843262e+00 5.432369653135538101e-04 1.020062088966369629e+00 5.563096492551267147e-04
8.448000335693359375e+01 1.023299574851989746e+00 5.931847263127565384e-04 1.020285725593566895e+00 8.488448802381753922e-04 1.020180463790893555e+00 5.571495275944471359e-04
9.151999664306640625e+01 1.022373318672180176e+00 5.722495261579751968e-04 1.020140886306762695e+00 5.332915461622178555e-04 1.019836306571960449e+00 5.737661849707365036e-04
9.855999755859375000e+01 1.023398995399475098e+00 5.732254358008503914e-04 1.020564675331115723e+00 5.193258984945714474e-04 1.019279956817626953e+00 5.530650378204882145e-04
1.055999984741210938e+02 1.022427082061767578e+00 5.858721560798585415e-04 1.019993066787719727e+00 5.251453840173780918e-04 1.020411133766174316e+00 5.440766108222305775e-04
1.126399993896484375e+02 1.022956252098083496e+00 4.752787062898278236e-04 1.020305275917053223e+00 5.091264611110091209e-04 1.019997835159301758e+00 5.258128512650728226e-04
1.267200012207031250e+02 1.022088289260864258e+00 4.042431828565895557e-04 1.020016074180603027e+00 3.918306902050971985e-04 1.020010948181152344e+00 3.972738632000982761e-04
1.408000030517578125e+02 1.022382259368896484e+00 4.789470403920859098e-04 1.020010113716125488e+00 4.163713601883500814e-04 1.019554257392883301e+00 4.751264932565391064e-04
1.548800048828125000e+02 1.022509098052978516e+00 4.382880288176238537e-04 1.020918011665344238e+00 4.058040794916450977e-04 1.019125699996948242e+00 4.318849532864987850e-04
1.689600067138671875e+02 1.022843360900878906e+00 4.531713784672319889e-04 1.019709706306457520e+00 4.319366416893899441e-04 1.019381403923034668e+00 4.134475311730057001e-04
1.830399932861328125e+02 1.022496581077575684e+00 4.320169973652809858e-04 1.020358443260192871e+00 4.103671817574650049e-04 1.019139528274536133e+00 4.122289537917822599e-04
1.971199951171875000e+02 1.022762894630432129e+00 4.577945510391145945e-04 1.019913911819458008e+00 4.415476578287780285e-04 1.018858909606933594e+00 4.297573759686201811e-04
2.111999969482421875e+02 1.022402167320251465e+00 6.015083054080605507e-04 1.020044684410095215e+00 5.143437883816659451e-04 1.019117951393127441e+00 4.872064164374023676e-04
2.252799987792968750e+02 1.022168159484863281e+00 3.516018914524465799e-04 1.019685387611389160e+00 3.119519678875803947e-04 1.019266605377197266e+00 3.461586602497845888e-04
2.534400024414062500e+02 1.021426916122436523e+00 3.478689468465745449e-04 1.019804358482360840e+00 3.369952028151601553e-04 1.018714547157287598e+00 4.091200535185635090e-04
2.816000061035156250e+02 1.021227478981018066e+00 4.808846279047429562e-04 1.019728064537048340e+00 3.834052768070250750e-04 1.018692612648010254e+00 3.824594314210116863e-04
3.097600097656250000e+02 1.021839618682861328e+00 3.443172026891261339e-04 1.019175052642822266e+00 3.161081403959542513e-04 1.018471717834472656e+00 3.659136127680540085e-04
3.379200134277343750e+02 1.021392226219177246e+00 3.340500988997519016e-04 1.019916415214538574e+00 3.155792073812335730e-04 1.018358588218688965e+00 3.432249068282544613e-04
3.660799865722656250e+02 1.021772861480712891e+00 3.428681520745158195e-04 1.018966197967529297e+00 3.649664868135005236e-04 1.018539786338806152e+00 3.329125174786895514e-04
3.942399902343750000e+02 1.021309137344360352e+00 4.025261732749640942e-04 1.018792748451232910e+00 6.928957882337272167e-04 1.018578410148620605e+00 4.477746551856398582e-04
4.223999938964843750e+02 1.020787239074707031e+00 4.531966696958988905e-04 1.019655466079711914e+00 3.909884544555097818e-04 1.018250107765197754e+00 4.879815096501260996e-04
4.505599975585937500e+02 1.020913243293762207e+00 3.034893597941845655e-04 1.018374919891357422e+00 3.495783021207898855e-04 1.017703652381896973e+00 3.047475765924900770e-04
5.068800048828125000e+02 1.020729660987854004e+00 4.385812499094754457e-04 1.017816662788391113e+00 5.224947235547006130e-04 1.017345547676086426e+00 3.687343560159206390e-04
5.632000122070312500e+02 1.019836306571960449e+00 3.101627808064222336e-04 1.016925215721130371e+00 3.162976936437189579e-04 1.016591072082519531e+00 2.883943379856646061e-04
6.195200195312500000e+02 1.019278645515441895e+00 6.228120764717459679e-04 1.017913103103637695e+00 6.102154729887843132e-04 1.016397595405578613e+00 9.239941718988120556e-04
6.758400268554687500e+02 1.018783092498779297e+00 3.941197355743497610e-04 1.016480326652526855e+00 4.039264458697289228e-04 1.015780687332153320e+00 4.133251495659351349e-04
7.321599731445312500e+02 1.018576860427856445e+00 3.786481684073805809e-04 1.016162276268005371e+00 3.359616675879806280e-04 1.015262484550476074e+00 4.806377110071480274e-04
7.884799804687500000e+02 1.017264723777770996e+00 4.601269029080867767e-04 1.015168428421020508e+00 5.986531032249331474e-04 1.014514684677124023e+00 5.563285085372626781e-04
8.447999877929687500e+02 1.017420411109924316e+00 4.424605867825448513e-04 1.014721632003784180e+00 4.785709024872630835e-04 1.013871550559997559e+00 5.241166218183934689e-04
9.011199951171875000e+02 1.015999555587768555e+00 6.114246789366006851e-04 1.014438033103942871e+00 5.800416111014783382e-04 1.013548731803894043e+00 1.567611005157232285e-03
1.013760009765625000e+03 1.014761924743652344e+00 7.571707828901708126e-04 1.012683987617492676e+00 8.394678588956594467e-04 1.012236595153808594e+00 1.045309938490390778e-03
