#q values 1/A: 1.81000  1.91000  2.01000 
1.099999994039535522e-03 1.022512316703796387e+00 5.884597194381058216e-04 1.019919991493225098e+00 5.596317932941019535e-04 1.019725918769836426e+00 5.764055531471967697e-04
2.199999988079071045e-03 1.022728800773620605e+00 5.903515266254544258e-04 1.019087791442871094e+00 5.610836087726056576e-04 1.019492268562316895e+00 5.716329324059188366e-04
3.299999982118606567e-03 1.022304177284240723e+00 5.882160621695220470e-04 1.020193219184875488e+00 5.660183378495275974e-04 1.019634842872619629e+00 5.687109078280627728e-04
4.399999976158142090e-03 1.022212505340576172e+00 5.894473870284855366e-04 1.020063757896423340e+00 5.610973457805812359e-04 1.018952369689941406e+00 5.735029117204248905e-04
5.499999970197677612e-03 1.022352457046508789e+00 5.913765635341405869e-04 1.019794821739196777e+00 5.589573993347585201e-04 1.018917322158813477e+00 5.759726045653223991e-04
6.599999964237213135e-03 1.022718906402587891e+00 5.881786928512156010e-04 1.020457744598388672e+00 5.607231287285685539e-04 1.019177317619323730e+00 5.746293463744223118e-04
7.699999958276748657e-03 1.021993637084960938e+00 5.856435745954513550e-04 1.021428465843200684e+00 5.603171885013580322e-04 1.019618630409240723e+00 5.722403293475508690e-04
8.799999952316284180e-03 1.020781040191650391e+00 5.882401601411402225e-04 1.020375370979309082e+00 5.590451764874160290e-04 1.020106315612792969e+00 5.782262305729091167e-04
9.899999946355819702e-03 1.022537827491760254e+00 5.890156608074903488e-04 1.019854187965393066e+00 5.568157066591084003e-04 1.019620060920715332e+00 5.757484468631446362e-04
1.099999994039535522e-02 1.021792769432067871e+00 5.870940512977540493e-04 1.020250201225280762e+00 5.615904228761792183e-04 1.019196629524230957e+00 5.719625041820108891e-04
1.209999993443489075e-02 1.022371530532836914e+00 5.905264406464993954e-04 1.020124077796936035e+00 5.605971091426908970e-04 1.019766330718994141e+00 5.711801932193338871e-04
1.319999992847442627e-02 1.022010207176208496e+00 5.869664018973708153e-04 1.019715905189514160e+00 5.558306002058088779e-04 1.019845485687255859e+00 5.727066309191286564e-04
1.429999992251396179e-02 1.021993637084960938e+00 5.880595999769866467e-04 1.019754409790039062e+00 5.546512547880411148e-04 1.019314527511596680e+00 5.733406869694590569e-04
1.539999991655349731e-02 1.021649241447448730e+00 5.886336439289152622e-04 1.019272565841674805e+00 5.565028404816985130e-04 1.018307924270629883e+00 5.737139726988971233e-04
1.649999991059303284e-02 1.020862936973571777e+00 5.893352790735661983e-04 1.020044803619384766e+00 5.592235247604548931e-04 1.018235683441162109e+00 5.691480473615229130e-04
1.759999990463256836e-02 1.022845983505249023e+00 5.919194081798195839e-04 1.019740462303161621e+00 5.601566517725586891e-04 1.018517136573791504e+00 5.716788582503795624e-04
1.979999989271163940e-02 1.021899104118347168e+00 4.141138051636517048e-04 1.020371675491333008e+00 3.971830883529037237e-04 1.019703030586242676e+00 4.073035670444369316e-04
2.199999988079071045e-02 1.021891355514526367e+00 4.153391346335411072e-04 1.019861221313476562e+00 3.960082831326872110e-04 1.019363045692443848e+00 4.070482973475009203e-04
2.419999986886978149e-02 1.022252440452575684e+00 4.161648976150900126e-04 1.021430492401123047e+00 3.989254764746874571e-04 1.018729448318481445e+00 4.032795841339975595e-04
2.639999985694885254e-02 1.021739482879638672e+00 4.179965180810540915e-04 1.020496129989624023e+00 3.961522015742957592e-04 1.018980145454406738e+00 4.056755860801786184e-04
2.859999984502792358e-02 1.021513223648071289e+00 4.182239354122430086e-04 1.020059108734130859e+00 3.969280805904418230e-04 1.019444465637207031e+00 4.083700769115239382e-04
3.079999983310699463e-02 1.022430777549743652e+00 4.142208781559020281e-04 1.020689368247985840e+00 3.974547435063868761e-04 1.019836902618408203e+00 4.024829249829053879e-04
3.299999982118606567e-02 1.021717190742492676e+00 4.172149638179689646e-04 1.019879102706909180e+00 3.942137118428945541e-04 1.019574880599975586e+00 4.050537245348095894e-04
3.519999980926513672e-02 1.022016882896423340e+00 3.413375525269657373e-04 1.020011544227600098e+00 3.195808094460517168e-04 1.019285678863525391e+00 3.325616999063640833e-04
3.959999978542327881e-02 1.022684454917907715e+00 2.951399656012654305e-04 1.019946575164794922e+00 2.801034715957939625e-04 1.019320487976074219e+00 2.891388139687478542e-04
4.399999976158142090e-02 1.021652817726135254e+00 2.950113266706466675e-04 1.020282983779907227e+00 2.781692019198089838e-04 1.019698977470397949e+00 2.885994035750627518e-04
4.839999973773956299e-02 1.021930813789367676e+00 2.946818713098764420e-04 1.020148158073425293e+00 2.786177501548081636e-04 1.018816471099853516e+00 2.889415191020816565e-04
5.279999971389770508e-02 1.021741151809692383e+00 2.933072973974049091e-04 1.019865393638610840e+00 2.798205241560935974e-04 1.019773006439208984e+00 2.853297919500619173e-04
5.719999969005584717e-02 1.021995544433593750e+00 2.965130552183836699e-04 1.020177721977233887e+00 2.803987590596079826e-04 1.019690394401550293e+00 2.871420874726027250e-04
6.159999966621398926e-02 1.021703958511352539e+00 2.966850588563829660e-04 1.020138382911682129e+00 2.784355892799794674e-04 1.019340634346008301e+00 2.872078039217740297e-04
6.599999964237213135e-02 1.021809816360473633e+00 2.940031990874558687e-04 1.019892096519470215e+00 2.786455734167248011e-04 1.019697666168212891e+00 2.899107930716127157e-04
7.039999961853027344e-02 1.021656155586242676e+00 2.395180199528113008e-04 1.020142912864685059e+00 2.283551148138940334e-04 1.019642591476440430e+00 2.362309460295364261e-04
7.919999957084655762e-02 1.021740674972534180e+00 2.093130169669166207e-04 1.020131230354309082e+00 1.967073767445981503e-04 1.019394874572753906e+00 2.023232082137838006e-04
8.799999952316284180e-02 1.021715044975280762e+00 2.072637144010514021e-04 1.020071148872375488e+00 1.991058961721137166e-04 1.019071817398071289e+00 2.026871807174757123e-04
9.679999947547912598e-02 1.022018432617187500e+00 2.081457496387884021e-04 1.020055890083312988e+00 1.979158842004835606e-04 1.019329071044921875e+00 2.050404000328853726e-04
1.055999994277954102e-01 1.021866917610168457e+00 2.064635482383891940e-04 1.019983291625976562e+00 1.975225022761151195e-04 1.019242763519287109e+00 2.025604044320061803e-04
1.143999993801116943e-01 1.022133946418762207e+00 2.090137422783300281e-04 1.020216107368469238e+00 1.981747773243114352e-04 1.019248008728027344e+00 2.047783927991986275e-04
1.231999993324279785e-01 1.021975994110107422e+00 2.078613179037347436e-04 1.020402431488037109e+00 1.985249837161973119e-04 1.019420623779296875e+00 2.039014943875372410e-04
1.319999992847442627e-01 1.022217154502868652e+00 2.075105876429006457e-04 1.020164370536804199e+00 1.974469341803342104e-04 1.019401431083679199e+00 2.051309129456058145e-04
1.407999992370605469e-01 1.021763324737548828e+00 1.697795814834535122e-04 1.020062565803527832e+00 1.625777658773586154e-04 1.019254803657531738e+00 1.658839901210740209e-04
1.583999991416931152e-01 1.021740078926086426e+00 1.469599228585138917e-04 1.019731283187866211e+00 1.395455328747630119e-04 1.019495368003845215e+00 1.436032034689560533e-04
1.759999990463256836e-01 1.021888494491577148e+00 1.474777382100000978e-04 1.020236730575561523e+00 1.384031638735905290e-04 1.019144535064697266e+00 1.449058036087080836e-04
1.935999989509582520e-01 1.021719217300415039e+00 1.485370303271338344e-04 1.019986033439636230e+00 1.395965227857232094e-04 1.019214272499084473e+00 1.437955070286989212e-04
2.111999988555908203e-01 1.021917343139648438e+00 1.477051700931042433e-04 1.019944310188293457e+00 1.393226702930405736e-04 1.019387364387512207e+00 1.430708507541567087e-04
2.287999987602233887e-01 1.022016763687133789e+00 1.466689427616074681e-04 1.020120382308959961e+00 1.390044781146571040e-04 1.019206166267395020e+00 1.446969399694353342e-04
2.463999986648559570e-01 1.021846652030944824e+00 1.472877193009480834e-04 1.020151019096374512e+00 1.382631162414327264e-04 1.019466042518615723e+00 1.435657613910734653e-04
2.639999985694885254e-01 1.022010684013366699e+00 1.469447452109307051e-04 1.020176410675048828e+00 1.399085158482193947e-04 1.019034504890441895e+00 1.426058588549494743e-04
2.815999984741210938e-01 1.021915078163146973e+00 1.186243971460498869e-04 1.020100951194763184e+00 1.137090730480849743e-04 1.019156813621520996e+00 1.173690543510019779e-04
3.167999982833862305e-01 1.021786689758300781e+00 1.035470122587867081e-04 1.019888758659362793e+00 9.857532859314233065e-05 1.019214510917663574e+00 1.013358341879211366e-04
3.519999980926513672e-01 1.021950721740722656e+00 1.038572227116674185e-04 1.020173072814941406e+00 9.873144153971225023e-05 1.019059538841247559e+00 1.026512400130741298e-04
3.871999979019165039e-01 1.021819233894348145e+00 1.041403593262657523e-04 1.020036220550537109e+00 9.894496906781569123e-05 1.019387364387512207e+00 1.006903330562636256e-04
4.223999977111816406e-01 1.021659493446350098e+00 1.036854955600574613e-04 1.019987702369689941e+00 9.913036774378269911e-05 1.019251465797424316e+00 1.021606803988106549e-04
4.575999975204467773e-01 1.021952986717224121e+00 1.047580662998370826e-04 1.020105719566345215e+00 9.939545998349785805e-05 1.019152283668518066e+00 1.007638347800821066e-04
4.927999973297119141e-01 1.021999120712280273e+00 1.045904646161943674e-04 1.019987463951110840e+00 9.807159949559718370e-05 1.019056439399719238e+00 1.025489254971034825e-04
5.279999971389770508e-01 1.021755218505859375e+00 1.049267521011643112e-04 1.020242214202880859e+00 9.880193829303607345e-05 1.019112467765808105e+00 1.023368022288195789e-04
5.631999969482421875e-01 1.021908521652221680e+00 8.570271893404424191e-05 1.019946098327636719e+00 8.050371252465993166e-05 1.019197821617126465e+00 8.220606105169281363e-05
6.335999965667724609e-01 1.021897435188293457e+00 7.359057781286537647e-05 1.020056724548339844e+00 6.952580588404089212e-05 1.019191265106201172e+00 7.168076263042166829e-05
7.039999961853027344e-01 1.021874666213989258e+00 7.346406346186995506e-05 1.020049095153808594e+00 7.052118598949164152e-05 1.019121766090393066e+00 7.187136361608281732e-05
7.743999958038330078e-01 1.021890759468078613e+00 7.408147212117910385e-05 1.019894003868103027e+00 6.974399730097502470e-05 1.019045352935791016e+00 7.224650471471250057e-05
8.447999954223632812e-01 1.021724939346313477e+00 7.332808309001848102e-05 1.020058870315551758e+00 7.045805978123098612e-05 1.019158363342285156e+00 7.184845162555575371e-05
9.151999950408935547e-01 1.021923065185546875e+00 7.384851051028817892e-05 1.019929289817810059e+00 6.959249731153249741e-05 1.019202709197998047e+00 7.139419176382943988e-05
9.855999946594238281e-01 1.021790623664855957e+00 7.420876499963924289e-05 1.019941329956054688e+00 7.012827700236812234e-05 1.019130945205688477e+00 7.080584327923133969e-05
1.055999994277954102e+00 1.021781682968139648e+00 7.377257134066894650e-05 1.019936084747314453e+00 7.022127829259261489e-05 1.019147872924804688e+00 7.190949690993875265e-05
1.126399993896484375e+00 1.021678090095520020e+00 6.060317537048831582e-05 1.019879698753356934e+00 5.900193718844093382e-05 1.019103407859802246e+00 5.970316851744428277e-05
1.267199993133544922e+00 1.021812796592712402e+00 5.214800694375298917e-05 1.019933104515075684e+00 4.980149969924241304e-05 1.019065856933593750e+00 5.024239362683147192e-05
1.407999992370605469e+00 1.021814703941345215e+00 5.222821346251294017e-05 1.019871592521667480e+00 4.963880928698927164e-05 1.019040822982788086e+00 5.134714592713862658e-05
1.548799991607666016e+00 1.021673560142517090e+00 5.232935291132889688e-05 1.019823193550109863e+00 4.974007242708466947e-05 1.019052982330322266e+00 5.097130633657798171e-05
1.689599990844726562e+00 1.021732211112976074e+00 5.217311627347953618e-05 1.019859313964843750e+00 4.914714372716844082e-05 1.018980503082275391e+00 5.095695814816281199e-05
1.830399990081787109e+00 1.021698117256164551e+00 5.181440792512148619e-05 1.019942164421081543e+00 4.930426075588911772e-05 1.018957734107971191e+00 5.075786248198710382e-05
1.971199989318847656e+00 1.021710634231567383e+00 5.274505383567884564e-05 1.019837856292724609e+00 4.945602631778456271e-05 1.018962979316711426e+00 5.117899854667484760e-05
2.111999988555908203e+00 1.021657943725585938e+00 5.229390808381140232e-05 1.019830584526062012e+00 4.944915781379677355e-05 1.018880844116210938e+00 5.108904588269069791e-05
2.252799987792968750e+00 1.021717548370361328e+00 4.267571057425811887e-05 1.019871473312377930e+00 4.132063986617140472e-05 1.018999218940734863e+00 4.209742110106162727e-05
2.534399986267089844e+00 1.021679282188415527e+00 3.750601536012254655e-05 1.019840598106384277e+00 3.502966501400806010e-05 1.018975853919982910e+00 3.607553662732243538e-05
2.815999984741210938e+00 1.021662950515747070e+00 3.732886034413240850e-05 1.019838929176330566e+00 3.498933074297383428e-05 1.018890500068664551e+00 3.626886245911009610e-05
3.097599983215332031e+00 1.021607041358947754e+00 3.692534664878621697e-05 1.019746780395507812e+00 3.510198803269304335e-05 1.018911361694335938e+00 3.596056558308191597e-05
3.379199981689453125e+00 1.021598339080810547e+00 3.713387923198752105e-05 1.019734263420104980e+00 3.498584555927664042e-05 1.018879771232604980e+00 3.620173811214044690e-05
3.660799980163574219e+00 1.021567821502685547e+00 3.693185135489329696e-05 1.019770383834838867e+00 3.495303462841548026e-05 1.018863558769226074e+00 3.595648013288155198e-05
3.942399978637695312e+00 1.021552205085754395e+00 3.709864904521964490e-05 1.019721746444702148e+00 3.515596472425386310e-05 1.018938422203063965e+00 3.591890708776190877e-05
4.223999977111816406e+00 1.021475553512573242e+00 3.705139170051552355e-05 1.019760608673095703e+00 3.507204019115306437e-05 1.018800020217895508e+00 3.599957199185155332e-05
4.505599975585937500e+00 1.021584749221801758e+00 3.091715552727691829e-05 1.019677162170410156e+00 2.924953514593653381e-05 1.018836021423339844e+00 2.968700937344692647e-05
5.068799972534179688e+00 1.021499395370483398e+00 2.611484160297550261e-05 1.019724845886230469e+00 2.494906402716878802e-05 1.018814802169799805e+00 2.578337443992495537e-05
5.631999969482421875e+00 1.021536111831665039e+00 2.622239480842836201e-05 1.019627928733825684e+00 2.506378223188221455e-05 1.018779754638671875e+00 2.560981374699622393e-05
6.195199966430664062e+00 1.021458148956298828e+00 2.631352981552481651e-05 1.019670128822326660e+00 2.518072869861498475e-05 1.018796801567077637e+00 2.596814010757952929e-05
6.758399963378906250e+00 1.021435618400573730e+00 2.623402724566403776e-05 1.019610643386840820e+00 2.481509363860823214e-05 1.018766641616821289e+00 2.565413160482421517e-05
7.321599960327148438e+00 1.021440029144287109e+00 2.628921538416761905e-05 1.019604563713073730e+00 2.496158413123339415e-05 1.018721699714660645e+00 2.548363954701926559e-05
7.884799957275390625e+00 1.021422386169433594e+00 2.649663474585395306e-05 1.019558548927307129e+00 2.482892341504339129e-05 1.018700957298278809e+00 2.555204264353960752e-05
8.447999954223632812e+00 1.021422147750854492e+00 2.622447209432721138e-05 1.019567370414733887e+00 2.483862954250071198e-05 1.018704891204833984e+00 2.546460564190056175e-05
9.011199951171875000e+00 1.021379828453063965e+00 2.148702878912445158e-05 1.019550204277038574e+00 2.046487679763231426e-05 1.018638014793395996e+00 2.086161475745029747e-05
1.013759994506835938e+01 1.021383047103881836e+00 1.868455001385882497e-05 1.019531369209289551e+00 1.776208227965980768e-05 1.018638253211975098e+00 1.797527147573418915e-05
1.126399993896484375e+01 1.021329998970031738e+00 1.861940472736023366e-05 1.019513607025146484e+00 1.749107286741491407e-05 1.018578767776489258e+00 1.821446858230046928e-05
1.239039993286132812e+01 1.021324157714843750e+00 1.883673212432768196e-05 1.019492506980895996e+00 1.767799039953388274e-05 1.018541812896728516e+00 1.874132794910110533e-05
1.351679992675781250e+01 1.021272420883178711e+00 2.116529321938287467e-05 1.019447445869445801e+00 1.891343163151759654e-05 1.018548488616943359e+00 1.816642361518461257e-05
1.464319992065429688e+01 1.021316528320312500e+00 1.860136035247705877e-05 1.019429326057434082e+00 1.771804454619996250e-05 1.018533110618591309e+00 1.800255631678737700e-05
1.576959991455078125e+01 1.021268844604492188e+00 1.861873533925972879e-05 1.019418001174926758e+00 1.765084925864357501e-05 1.018511652946472168e+00 1.808376509870868176e-05
1.689599990844726562e+01 1.021206617355346680e+00 1.856701783253811300e-05 1.019422292709350586e+00 1.749893090163823217e-05 1.018497347831726074e+00 1.795749813027214259e-05
1.802239990234375000e+01 1.021188616752624512e+00 1.516485917818499729e-05 1.019348859786987305e+00 1.453208278689999133e-05 1.018455505371093750e+00 1.476121542509645224e-05
2.027519989013671875e+01 1.021187782287597656e+00 1.326177334703970701e-05 1.019327282905578613e+00 1.249468095920747146e-05 1.018451333045959473e+00 1.291957323701353744e-05
2.252799987792968750e+01 1.021172761917114258e+00 1.313038501393748447e-05 1.019292235374450684e+00 1.262292244064155966e-05 1.018410682678222656e+00 1.292286378884455189e-05
2.478079986572265625e+01 1.021138072013854980e+00 1.331042312813224271e-05 1.019251227378845215e+00 1.248511307494482026e-05 1.018408894538879395e+00 1.286669703404186293e-05
2.703359985351562500e+01 1.021094441413879395e+00 1.314207202085526660e-05 1.019234657287597656e+00 1.275673730560811237e-05 1.018349289894104004e+00 1.304953366343397647e-05
2.928639984130859375e+01 1.021078228950500488e+00 1.323769538430497050e-05 1.019254207611083984e+00 1.265612809220328927e-05 1.018319845199584961e+00 1.283373967453371733e-05
3.153919982910156250e+01 1.021048784255981445e+00 1.329800943494774401e-05 1.019224286079406738e+00 1.257470285054296255e-05 1.018320918083190918e+00 1.288494877371704206e-05
3.379199981689453125e+01 1.021051406860351562e+00 1.321878607996040955e-05 1.019209027290344238e+00 1.260478984477231279e-05 1.018274307250976562e+00 1.284219706576550379e-05
3.604479980468750000e+01 1.021022200584411621e+00 1.084086943592410535e-05 1.019170165061950684e+00 1.044763666868675500e-05 1.018282651901245117e+00 1.064153002516832203e-05
4.055039978027343750e+01 1.021001100540161133e+00 9.368428436573594809e-06 1.019132018089294434e+00 8.942815838963724673e-06 1.018244981765747070e+00 9.174299520964268595e-06
4.505599975585937500e+01 1.020966291427612305e+00 9.387433237861841917e-06 1.019102215766906738e+00 9.008260349219199270e-06 1.018199682235717773e+00 9.146254342340398580e-06
4.956159973144531250e+01 1.020927190780639648e+00 9.396355380886234343e-06 1.019080281257629395e+00 8.937471648096106946e-06 1.018151521682739258e+00 9.278526704292744398e-06
5.406719970703125000e+01 1.020888566970825195e+00 9.427927579963579774e-06 1.019031882286071777e+00 9.330463399237487465e-06 1.018160939216613770e+00 9.099382623389828950e-06
5.857279968261718750e+01 1.020856857299804688e+00 9.469033102504909039e-06 1.018999218940734863e+00 8.984586202132049948e-06 1.018111944198608398e+00 9.212117220158688724e-06
6.307839965820312500e+01 1.020837783813476562e+00 9.787065209820866585e-06 1.018981695175170898e+00 9.349797437607776374e-06 1.018080711364746094e+00 9.237614904122892767e-06
6.758399963378906250e+01 1.020825505256652832e+00 1.271297514904290438e-05 1.018954515457153320e+00 1.470308779971674085e-05 1.018054842948913574e+00 1.277938008570345119e-05
7.208959960937500000e+01 1.020781278610229492e+00 7.858484423195477575e-06 1.018924593925476074e+00 7.488443770853336900e-06 1.018022537231445312e+00 7.768004252284299582e-06
8.110079956054687500e+01 1.020743131637573242e+00 6.776124337193323299e-06 1.018875122070312500e+00 6.520474926219321787e-06 1.017976880073547363e+00 6.631737960560712963e-06
9.011199951171875000e+01 1.020691037178039551e+00 6.767076683900086209e-06 1.018821954727172852e+00 6.468555966421263292e-06 1.017933130264282227e+00 6.688914709229720756e-06
9.912319946289062500e+01 1.020639657974243164e+00 6.781279807910323143e-06 1.018775701522827148e+00 6.594993010367034003e-06 1.017875790596008301e+00 6.711286459903931245e-06
1.081343994140625000e+02 1.020593523979187012e+00 6.837724868091754615e-06 1.018727302551269531e+00 6.594023034267593175e-06 1.017832040786743164e+00 6.729447250108933076e-06
1.171455993652343750e+02 1.020558118820190430e+00 6.867172487545758486e-06 1.018681168556213379e+00 6.567569926119176671e-06 1.017785191535949707e+00 6.808369107602629811e-06
1.261567993164062500e+02 1.020495891571044922e+00 9.386418241774663329e-06 1.018636584281921387e+00 9.734329978527966887e-06 1.017723202705383301e+00 1.559062366141006351e-05
1.351679992675781250e+02 1.020455837249755859e+00 8.813162821752484888e-06 1.018583416938781738e+00 1.601301119080744684e-05 1.017683625221252441e+00 9.867107110039796680e-06
1.441791992187500000e+02 1.020401358604431152e+00 5.901687472942285240e-06 1.018518328666687012e+00 1.158823670266428962e-05 1.017632365226745605e+00 6.369921720761340111e-06
1.622015991210937500e+02 1.020316720008850098e+00 5.137946118338732049e-06 1.018433809280395508e+00 5.018788669985951856e-06 1.017524003982543945e+00 5.121185495227109641e-06
1.802239990234375000e+02 1.020226597785949707e+00 5.201592102821450680e-06 1.018339991569519043e+00 5.443307145469589159e-06 1.017431259155273438e+00 5.230811439105309546e-06
1.982463989257812500e+02 1.020133972167968750e+00 5.256411895970813930e-06 1.018233060836791992e+00 5.183890152693493292e-06 1.017325997352600098e+00 5.270483597996644676e-06
2.162687988281250000e+02 1.020031332969665527e+00 5.300023076415527612e-06 1.018123030662536621e+00 5.263926595944212750e-06 1.017217159271240234e+00 5.326392056304030120e-06
2.342911987304687500e+02 1.019931197166442871e+00 5.407448952610138804e-06 1.018022060394287109e+00 5.299534677760675550e-06 1.017107963562011719e+00 5.410739959188504145e-06
2.523135986328125000e+02 1.019831418991088867e+00 6.608333478652639315e-06 1.017902374267578125e+00 9.286765816796105355e-06 1.016992211341857910e+00 9.283998224418610334e-06
2.703359985351562500e+02 1.019714951515197754e+00 7.156703304644906893e-06 1.017776608467102051e+00 6.681047580059384927e-06 1.016870737075805664e+00 5.950115337327588350e-06
2.883583984375000000e+02 1.019574522972106934e+00 5.010757377021946013e-06 1.017633438110351562e+00 4.837917913391720504e-06 1.016716599464416504e+00 5.052555025031324476e-06
3.244031982421875000e+02 1.019359588623046875e+00 4.777170033776201308e-06 1.017408967018127441e+00 4.849780452786944807e-06 1.016498446464538574e+00 5.660778697347268462e-06
3.604479980468750000e+02 1.019115209579467773e+00 4.934799108013976365e-06 1.017132520675659180e+00 5.103269359096884727e-06 1.016229510307312012e+00 5.065899131295736879e-06
3.964927978515625000e+02 1.018848299980163574e+00 5.059456270828377455e-06 1.016848444938659668e+00 5.225203949521528557e-06 1.015951633453369141e+00 5.293053618515841663e-06
4.325375976562500000e+02 1.018582344055175781e+00 5.277480795484734699e-06 1.016566991806030273e+00 5.363691343518439680e-06 1.015664815902709961e+00 5.399294877861393616e-06
4.685823974609375000e+02 1.018307685852050781e+00 5.517352747119730338e-06 1.016267061233520508e+00 5.490379408001899719e-06 1.015368223190307617e+00 5.541998689295724034e-06
5.046271972656250000e+02 1.018019437789916992e+00 6.544648385897744447e-06 1.015959501266479492e+00 7.342536719079362229e-06 1.015063166618347168e+00 6.508211299660615623e-06
5.406719970703125000e+02 1.017727971076965332e+00 6.599795597139745951e-06 1.015637159347534180e+00 6.188554380059940740e-06 1.014750480651855469e+00 5.910666459385538474e-06
5.767167968750000000e+02 1.017347216606140137e+00 6.013225174683611840e-06 1.015236377716064453e+00 5.828572284372057766e-06 1.014370441436767578e+00 5.638562015519710258e-06
6.488063964843750000e+02 1.016801595687866211e+00 5.977640739729395136e-06 1.014663338661193848e+00 6.032115834386786446e-06 1.013813495635986328e+00 5.713492555514676496e-06
7.208959960937500000e+02 1.016156196594238281e+00 2.078370744129642844e-05 1.013994574546813965e+00 1.834300201153382659e-05 1.013175725936889648e+00 1.022635478875599802e-05
7.929855957031250000e+02 1.015528321266174316e+00 8.154541319527197629e-06 1.013335466384887695e+00 7.082200681907124817e-06 1.012556195259094238e+00 7.235672001115744933e-06
8.650751953125000000e+02 1.014913201332092285e+00 6.895444130350369960e-06 1.012702584266662598e+00 6.853189461253350601e-06 1.011973977088928223e+00 6.590496923308819532e-06
9.371647949218750000e+02 1.014301657676696777e+00 7.026918865449260920e-06 1.012090563774108887e+00 6.894923899380955845e-06 1.011414647102355957e+00 6.295659204624826089e-06
1.009254394531250000e+03 1.013704299926757812e+00 7.639983778062742203e-06 1.011494755744934082e+00 7.365041255980031565e-06 1.010880351066589355e+00 6.422370461223181337e-06
1.081343994140625000e+03 1.013149380683898926e+00 7.337550869124243036e-06 1.010944724082946777e+00 6.904483598191291094e-06 1.010381698608398438e+00 6.535653483297210187e-06
1.153433593750000000e+03 1.012491703033447266e+00 6.920069154148222879e-06 1.010297536849975586e+00 6.344433131744153798e-06 1.009821414947509766e+00 5.698141649190802127e-06
1.297612792968750000e+03 1.011617422103881836e+00 6.339041647152043879e-06 1.009472727775573730e+00 5.761940428783418611e-06 1.009106397628784180e+00 5.613507710222620517e-06
1.441791992187500000e+03 1.010712265968322754e+00 1.106432046071859077e-05 1.008623123168945312e+00 2.302753455296624452e-05 1.008379697799682617e+00 1.303575936617562547e-05
1.585971191406250000e+03 1.009910583496093750e+00 5.118744411447551101e-06 1.007870793342590332e+00 4.869224540016148239e-06 1.007737517356872559e+00 5.230827810009941459e-06
1.730150390625000000e+03 1.009209752082824707e+00 8.901858564058784395e-06 1.007203459739685059e+00 5.818850695504806936e-06 1.007182478904724121e+00 5.194827735977014527e-06
1.874329589843750000e+03 1.008554458618164062e+00 5.393649644247489050e-06 1.006610870361328125e+00 5.218649221205851063e-06 1.006672978401184082e+00 4.864608399657299742e-06
2.018508789062500000e+03 1.007943630218505859e+00 8.170342880475800484e-06 1.006058692932128906e+00 7.779214683978352696e-06 1.006193161010742188e+00 6.192640739755006507e-06
2.162687988281250000e+03 1.007355213165283203e+00 1.209225047205109149e-05 1.005523800849914551e+00 1.252465062862029299e-05 1.005753159523010254e+00 1.516739848739234731e-05
2.306867187500000000e+03 1.006768703460693359e+00 1.558161602588370442e-05 1.005029797554016113e+00 1.712668017717078328e-05 1.005305647850036621e+00 2.057954588963184506e-05
